9
25 60 0 60 -1
30 0 0 0 -1
20 45 0 45 -1
15 0 0 0 10
10 60 20 30 -1
30 0 0 0 -1
20 36 0 36 -1
30 0 0 0 -1
20 0 0 0 -1

8
1 10 2 15 15
2 20 3 10 10
3 30 4 20 20
4 20 1 40 40
5 12 6 18 18
7 60 8 50 100
8 60 9 40 80
9 25 7 45 180

1

7
1
8
1 7
2 7
3 7
4 7
5 7
6 7
1 2
4 5

1 2
2 3
5 4
7 1
1 3
1 4
1 5
1 6

9 tasks, 6 cores // diff link, diff result
===============================================

6
25 60 0 60 -1
30 0 0 0 -1
20 45 0 45 -1
15 0 0 0 10
10 60 20 30 -1
30 0 0 0 -1

5
1 10 2 15 15
2 20 3 10 10
3 30 4 20 20
4 20 1 40 40
5 12 6 18 18
1

3
1
2
1 2
2 3
3 4
4 1
1 3
2 4

4 tasks, 3 cores // decent sample
// task 4: self-dependent 0 or -1, diff result
===================================

6

12 25 10 15 -1
14 40 0 40 -1
16 30 0 30 -1
18 100 50 50 -1
20 300 200 50 -1
22 300 250 50 -1

0
1

5
100
5
1 2
2 3
3 4
4 5
2 5

6 independent tasks, 5 processors
=================================
5
5 0 0 0 -1
1 10 0 10 0
10 0 0 0 -1
10 30 0 30 -1
20 0 0 0 -1
4
1 10 2 1 2
2 10 3 20 10
3 10 1 50 40
4 20 5 50 30
1


4
1
4
1 4
4 2
2 3
1 3

300 length, 5 tasks, 4 cores


=======================================
2
1 2 0 2 -1
2 3 0 3 -1
1
1 2 2 3 2
1

2
10
1
1 2

аЁР§зг

=======================================

3
5 0 0 0 -1
1 10 0 10 0
10 0 0 0 -1
3
1 10 2 1 2
2 10 3 20 10
3 10 1 50 40
1


4
1
4
1 4
4 2

2 3
1 3


========================================

5
1 0 0 0 -1
2 0 0 0 -1
3 0 0 0 -1
4 0 0 0 -1
5 10 0 10 1
5
1 1 5 2 0
3 3 5 2 0
5 1 2 1 0
5 1 4 3 0
2 2 1 1 2
1

2
10
1
1 2

=======================================

3
1 0 0 0 -1
2 6 2 4 -1
3 0 0 0 -1
3
1 1 2 2 0
2 1 3 1 1
3 2 1 1 2
2

2
10
1
1 2



=========================================
2
1 2  0 2 -1
2 3 0 3 -1
0
1

2
10
1
1 2

=========================================
nTask
wcet T offset deadline self-delay
...
...
nArc
producer data consumer data delay
...
...
J

nProcessor
speed
nConnection
p1 p2
...

